normMean = [0.50064302 0.52358398 0.50864987]
normStd = [0.21226286 0.20765279 0.21247285]
transforms.Normalize(normMean = [0.50064302 0.52358398 0.50864987], normStd = [0.21226286 0.20765279 0.21247285])